ax ay az mx my mz clock(s)
-384 -240 -16496 -69 138 351 10
-384 -240 -16496 -69 138 351 20
-384 -240 -16496 -69 138 351 30
-384 -240 -16496 -69 138 351 30
-384 -240 -16496 -69 138 351 40
-384 -240 -16496 -69 138 351 50
-384 -240 -16496 -69 138 351 60
-384 -240 -16496 -69 138 351 70
-384 -240 -16496 -69 138 351 70
-384 -240 -16496 -69 138 351 80
-384 -240 -16496 -69 138 351 90
-384 -240 -16496 -69 138 351 100
-416 -256 -16528 -63 132 345 100
-384 -256 -16496 -63 132 345 110
-416 -224 -16496 -63 132 345 120
-384 -256 -16464 -65 136 351 130
-384 -256 -16496 -65 136 351 140
-384 -224 -16560 -65 136 351 140
-416 -256 -16496 -65 136 351 160
-416 -208 -16432 -65 136 351 170
-352 -240 -16480 -65 136 351 170
-400 -240 -16512 -62 141 356 180
-400 -256 -16400 -62 141 356 190
-384 -304 -16448 -62 141 356 200
-400 -224 -16512 -62 141 356 200
-368 -256 -16528 -66 138 357 210
-384 -256 -16496 -66 138 357 210
-384 -224 -16464 -66 138 357 230
-400 -224 -16448 -52 135 354 240
-352 -240 -16400 -52 135 354 250
-384 -256 -16528 -52 135 354 260
-400 -256 -16528 -52 135 354 260
-352 -224 -16464 -64 135 353 270
-352 -256 -16496 -64 135 353 280
-336 -256 -16496 -64 135 353 290
-432 -208 -16480 -66 144 349 290
-384 -256 -16448 -66 144 349 300
-384 -256 -16544 -66 144 349 310
-352 -256 -16480 -64 139 360 320
-368 -256 -16448 -64 139 360 330
-384 -240 -16448 -64 139 360 340
-384 -256 -16528 -64 139 360 340
-336 -256 -16480 -64 139 360 350
-400 -224 -16480 -64 139 360 360
-368 -256 -16448 -64 139 360 370
-400 -240 -16464 -64 139 360 380
-400 -256 -16464 -64 139 360 380
-336 -240 -16464 -64 139 360 390
-400 -224 -16512 -56 130 355 400
-400 -224 -16528 -56 130 355 400
-384 -256 -16480 -56 130 355 410
-400 -256 -16480 -56 130 355 420
-352 -240 -16528 -58 142 355 430
-352 -256 -16464 -58 142 355 440
-352 -224 -16496 -58 142 355 440
-384 -256 -16400 -58 142 355 450
-384 -256 -16464 -58 142 355 460
-384 -256 -16464 -58 142 355 470
-320 -240 -16432 -58 142 355 470
-384 -256 -16400 -58 142 355 490
-320 -256 -16400 -58 142 355 500
-368 -240 -16464 -58 142 355 510
-384 -240 -16464 -58 141 352 520
-384 -256 -16480 -58 141 352 520
-400 -256 -16464 -58 141 352 530
-400 -192 -16416 -71 136 346 540
-352 -240 -16480 -71 136 346 550
-320 -240 -16464 -71 136 346 560
-368 -256 -16464 -60 140 353 560
-400 -224 -16464 -60 140 353 570
-352 -224 -16496 -60 140 353 580
-400 -224 -16448 -60 140 353 590
-400 -224 -16432 -53 141 354 590
-352 -240 -16512 -53 141 354 600
-336 -224 -16480 -53 141 354 610
-336 -256 -16432 -53 141 354 620
-384 -256 -16432 -53 141 354 630
-384 -256 -16448 -53 141 354 630
-400 -256 -16496 -56 141 357 640
-352 -240 -16432 -56 141 357 650
-336 -240 -16464 -56 141 357 660
-368 -256 -16384 -56 141 357 670
-368 -256 -16496 -56 141 357 670
-384 -256 -16512 -56 141 357 680
-400 -256 -16496 -56 141 357 690
-400 -208 -16512 -56 141 357 700
-336 -256 -16528 -56 141 357 710
-400 -256 -16512 -56 141 357 720
-384 -256 -16496 -56 141 357 730
-400 -256 -16416 -56 141 357 740
-400 -256 -16480 -56 141 357 740
-400 -256 -16448 -56 141 357 750
-400 -256 -16480 -61 142 357 760
-400 -240 -16496 -61 142 357 770
-416 -240 -16432 -61 142 357 780
-368 -240 -16480 -65 139 355 780
-416 -256 -16416 -65 139 355 790
-416 -256 -16416 -65 139 355 800
-416 -256 -16416 -65 139 355 800
-400 -240 -16528 -65 139 355 800
-400 -256 -16528 -65 139 355 800
-400 -256 -16528 -65 139 355 800
-400 -256 -16512 -65 139 355 810
-352 -256 -16464 -65 139 355 810
-352 -256 -16464 -65 140 351 810
-368 -256 -16496 -65 140 351 810
-368 -208 -16496 -65 140 351 810
-384 -208 -16496 -65 140 351 810
-384 -256 -16512 -65 140 351 820
-448 -256 -16416 -60 140 356 820
-448 -256 -16448 -60 140 356 820
-400 -208 -16464 -64 143 353 820
-416 -240 -16464 -64 143 353 820
-432 -240 -16512 -64 143 353 820
-432 -256 -16448 -56 144 353 820
-432 -256 -16480 -56 144 353 820
-368 -256 -16480 -56 144 353 820
-384 -256 -16480 -56 144 353 820
-384 -256 -16480 -56 144 353 820
-400 -224 -16464 -60 139 354 830
-400 -224 -16464 -60 139 354 830
-368 -208 -16496 -60 139 354 830
-336 -256 -16528 -60 139 354 830
-336 -256 -16528 -60 139 354 830
-400 -256 -16496 -60 139 354 840
-384 -240 -16480 -60 139 354 840
-384 -256 -16448 -60 139 354 840
-400 -256 -16448 -60 139 354 840
-368 -256 -16448 -60 139 354 840
-400 -240 -16464 -64 137 355 840
-400 -240 -16464 -64 137 355 840
-400 -240 -16496 -64 137 355 840
-368 -256 -16480 -64 137 355 840
-368 -256 -16480 -64 137 355 840
-384 -224 -16448 -64 137 355 840
-432 -240 -16480 -64 137 355 840
-432 -240 -16480 -64 137 355 850
-432 -240 -16448 -64 137 355 850
-368 -240 -16464 -64 137 355 850
-368 -256 -16464 -65 139 356 850
-336 -256 -16480 -65 139 356 850
-352 -256 -16464 -65 139 356 860
-352 -256 -16464 -65 139 356 860
-448 -240 -16432 -65 139 356 860
-384 -256 -16448 -57 132 353 860
-384 -256 -16448 -57 132 353 860
-384 -304 -16448 -57 132 353 860
-400 -256 -16464 -66 132 354 860
-400 -256 -16464 -66 132 354 860
-400 -256 -16480 -60 134 355 860
-400 -256 -16512 -60 134 355 860
-384 -256 -16512 -60 134 355 860
-368 -256 -16512 -60 134 355 870
-384 -240 -16448 -60 134 355 870
-368 -256 -16464 -56 136 353 870
-368 -256 -16464 -56 136 353 870
-400 -256 -16528 -56 136 353 870
-320 -256 -16496 -56 136 353 870
-320 -256 -16496 -56 136 353 880
-368 -224 -16464 -56 136 353 880
-352 -256 -16464 -56 136 353 880
-352 -256 -16464 -56 136 353 880
-432 -256 -16448 -56 136 353 880
-384 -256 -16448 -56 136 353 880
-400 -256 -16512 -58 142 356 890
-400 -304 -16416 -58 142 356 890
-352 -240 -16432 -58 142 356 890
-400 -208 -16464 -58 142 356 890
-400 -208 -16464 -58 142 356 890
-368 -192 -16448 -58 142 356 900
-352 -240 -16496 -58 142 356 900
-352 -240 -16480 -58 142 356 900
-400 -256 -16480 -58 142 356 900
-352 -240 -16480 -58 142 356 900
-400 -240 -16480 -67 143 352 900
-400 -256 -16512 -67 143 352 900
-400 -240 -16416 -67 143 352 900
-400 -240 -16416 -67 143 352 900
-352 -240 -16448 -67 143 352 900
-400 -256 -16512 -61 146 354 900
-400 -256 -16512 -61 146 354 900
-416 -240 -16496 -61 146 354 910
-384 -256 -16480 -61 146 354 910
-384 -256 -16464 -61 146 354 910
-368 -256 -16432 -66 150 350 910
-400 -192 -16496 -66 150 350 910
-336 -240 -16496 -66 150 350 920
-336 -240 -16528 -66 150 350 920
-352 -256 -16496 -66 150 350 920
-352 -256 -16464 -60 140 351 920
-400 -256 -16464 -60 140 351 920
-368 -256 -16448 -60 140 351 920
-336 -224 -16448 -60 140 351 930
-336 -224 -16448 -60 140 351 930
-432 -256 -16512 -60 140 351 930
-432 -240 -16512 -60 140 351 930
-432 -240 -16512 -60 140 351 930
-368 -256 -16480 -60 140 351 930
-336 -256 -16432 -62 140 351 940
-416 -256 -16448 -62 141 353 950
-416 -256 -16448 -62 141 353 950
-400 -192 -16496 -62 141 353 950
-432 -224 -16512 -62 141 353 950
-432 -224 -16512 -69 141 352 950
-416 -224 -16432 -69 141 352 950
-400 -256 -16528 -69 141 352 950
-400 -256 -16528 -69 141 352 950
-400 -256 -16464 -69 141 352 950
-352 -224 -16544 -69 141 352 950
-384 -224 -16528 -69 141 352 950
-384 -224 -16528 -69 141 352 950
-416 -240 -16528 -69 141 352 950
-400 -240 -16432 -69 141 352 950
-400 -256 -16528 -64 142 353 950
-400 -256 -16480 -64 142 353 960
-384 -256 -16480 -64 142 353 960
-384 -256 -16464 -64 142 353 960
-384 -256 -16448 -64 142 353 960
-384 -256 -16496 -65 138 357 960
-400 -208 -16496 -65 138 357 970
-352 -256 -16432 -65 138 357 970
-400 -240 -16528 -63 138 348 970
-400 -240 -16480 -63 138 348 970
-384 -256 -16480 -63 141 345 970
-400 -240 -16432 -63 141 345 970
-416 -256 -16448 -63 141 345 980
-416 -256 -16448 -63 141 345 980
-384 -256 -16464 -63 141 345 980
-352 -256 -16496 -63 141 345 980
-352 -256 -16496 -63 141 345 980
-320 -256 -16496 -63 141 345 990
-400 -256 -16464 -63 141 345 990
-400 -256 -16496 -63 141 345 990
-400 -240 -16432 -59 137 353 990
-384 -256 -16528 -59 137 353 990
-416 -256 -16528 -59 137 353 990
-368 -256 -16448 -59 137 353 990
-368 -224 -16448 -59 137 353 990
-352 -224 -16448 -59 137 354 990
-352 -224 -16464 -59 137 354 990
-352 -224 -16512 -59 137 354 990
-432 -240 -16512 -59 137 354 990
-432 -256 -16528 -59 137 354 990
-368 -192 -16496 -62 142 353 990
-368 -256 -16448 -62 142 353 990
-368 -256 -16448 -62 142 353 990
-352 -240 -16496 -62 142 353 990
-384 -256 -16464 -62 142 